Row(year=1959, month=5, avg_monthly=10.45774193548387)
Row(year=1959, month=4, avg_monthly=5.623)
Row(year=1959, month=3, avg_monthly=2.0825806451612903)
Row(year=1959, month=2, avg_monthly=-1.4392857142857138)
