Row(year=1988, month=8, avg_monthly=15.633225806451614)
Row(year=1988, month=7, avg_monthly=17.333993399339935)
Row(year=1988, month=6, avg_monthly=16.793833333333332)
Row(year=1988, month=5, avg_monthly=12.32983870967742)
