Row(year=1965, month=7, avg_monthly=14.96923076923077)
Row(year=1965, month=6, avg_monthly=15.767307692307693)
Row(year=1965, month=5, avg_monthly=9.395533498759304)
Row(year=1965, month=4, avg_monthly=5.0945833333333335)
