Row(year=1972, month=12, avg_monthly=3.465668202764977)
Row(year=1972, month=11, avg_monthly=3.7540476190476193)
Row(year=1972, month=10, avg_monthly=6.988824884792628)
