Row(year=1985, month=12, avg_monthly=-3.588588588588589)
Row(year=1985, month=11, avg_monthly=-0.0799999999999999)
Row(year=1985, month=10, avg_monthly=8.350146627565982)
