Row(year=1953, month=6, avg_monthly=16.942333333333337)
Row(year=1953, month=5, avg_monthly=10.49258064516129)
Row(year=1953, month=4, avg_monthly=6.2266666666666675)
