Row(year=2013, month=8, avg_monthly=15.771260997067445)
Row(year=2013, month=7, avg_monthly=16.943401759530794)
Row(year=2013, month=6, avg_monthly=15.03621212121212)
Row(year=2013, month=5, avg_monthly=11.887536656891495)
