Row(year=1984, month=1, avg_monthly=-2.687768817204301)
Row(year=1983, month=12, avg_monthly=-0.6525537634408602)
Row(year=1983, month=11, avg_monthly=1.5140277777777778)
Row(year=1983, month=10, avg_monthly=7.6452956989247305)
