Row(year=1971, month=5, avg_monthly=12.206947890818858)
Row(year=1971, month=4, avg_monthly=4.042179487179487)
Row(year=1971, month=3, avg_monthly=-2.004590570719603)
Row(year=1971, month=2, avg_monthly=-0.7108516483516484)
