Row(year=1980, month=10, avg_monthly=5.602492668621701)
Row(year=1980, month=9, avg_monthly=12.675)
Row(year=1980, month=8, avg_monthly=15.358211143695014)
Row(year=1980, month=7, avg_monthly=17.27177419354839)
