Row(year=1976, month=3, avg_monthly=-2.437468982630273)
Row(year=1976, month=2, avg_monthly=-1.904244031830239)
Row(year=1976, month=1, avg_monthly=-4.799131513647644)
