Row(year=1952, month=7, avg_monthly=15.91806451612903)
Row(year=1952, month=6, avg_monthly=13.0)
Row(year=1952, month=5, avg_monthly=8.415806451612903)
Row(year=1952, month=4, avg_monthly=6.077999999999999)
