Row(year=1970, month=9, avg_monthly=11.42525641025641)
Row(year=1970, month=8, avg_monthly=16.241935483870968)
Row(year=1970, month=7, avg_monthly=15.818114143920598)
Row(year=1970, month=6, avg_monthly=18.027948717948718)
