Row(year=1963, month=3, avg_monthly=-3.3647465437788022)
Row(year=1963, month=2, avg_monthly=-7.458545918367347)
Row(year=1963, month=1, avg_monthly=-8.949193548387097)
