Row(year=1952, month=3, avg_monthly=-3.6919354838709677)
Row(year=1952, month=2, avg_monthly=-2.075172413793103)
Row(year=1952, month=1, avg_monthly=-1.7951612903225806)
Row(year=1951, month=12, avg_monthly=2.4183870967741936)
