Row(year=1992, month=2, avg_monthly=0.8315649867374005)
Row(year=1992, month=1, avg_monthly=1.2337468982630273)
Row(year=1991, month=12, avg_monthly=1.2915632754342434)
