Row(year=1979, month=6, avg_monthly=16.89)
Row(year=1979, month=5, avg_monthly=11.061021505376344)
Row(year=1979, month=4, avg_monthly=3.950897435897436)
