Row(year=1951, month=11, avg_monthly=3.984000000000001)
Row(year=1951, month=10, avg_monthly=7.852580645161291)
Row(year=1951, month=9, avg_monthly=12.922666666666666)
Row(year=1951, month=8, avg_monthly=16.78741935483871)
