Row(year=1966, month=6, avg_monthly=17.573076923076922)
Row(year=1966, month=5, avg_monthly=10.986228287841191)
Row(year=1966, month=4, avg_monthly=1.6265384615384615)
