Row(year=1960, month=12, avg_monthly=0.9770967741935483)
Row(year=1960, month=11, avg_monthly=3.0703333333333336)
Row(year=1960, month=10, avg_monthly=5.828387096774194)
Row(year=1960, month=9, avg_monthly=11.852666666666668)
