Row(year=2004, month=3, avg_monthly=1.0126099706744867)
Row(year=2004, month=2, avg_monthly=-1.53730407523511)
Row(year=2004, month=1, avg_monthly=-4.720674486803519)
Row(year=2003, month=12, avg_monthly=0.9231117824773414)
