Row(year=1954, month=2, avg_monthly=-6.724285714285714)
Row(year=1954, month=1, avg_monthly=-4.549677419354839)
Row(year=1953, month=12, avg_monthly=1.6461290322580644)
Row(year=1953, month=11, avg_monthly=3.9420000000000006)
