Row(year=1973, month=4, avg_monthly=4.219404761904762)
Row(year=1973, month=3, avg_monthly=3.743317972350231)
Row(year=1973, month=2, avg_monthly=-0.06581632653061227)
Row(year=1973, month=1, avg_monthly=0.4055299539170507)
