Row(year=2007, month=6, avg_monthly=15.55378787878788)
Row(year=2007, month=5, avg_monthly=10.738225806451611)
Row(year=2007, month=4, avg_monthly=6.9795454545454545)
Row(year=2007, month=3, avg_monthly=3.839149560117302)
