Row(year=2000, month=4, avg_monthly=6.335263157894736)
Row(year=2000, month=3, avg_monthly=1.175186104218362)
Row(year=2000, month=2, avg_monthly=0.6305039787798408)
Row(year=2000, month=1, avg_monthly=0.031141439205955267)
