Row(year=1969, month=9, avg_monthly=12.831410256410255)
Row(year=1969, month=8, avg_monthly=18.184491315136476)
Row(year=1969, month=7, avg_monthly=18.87543424317618)
