Row(year=1971, month=9, avg_monthly=11.032638888888888)
Row(year=1971, month=8, avg_monthly=16.12952853598015)
Row(year=1971, month=7, avg_monthly=17.83349875930521)
Row(year=1971, month=6, avg_monthly=14.69474358974359)
