Row(year=1993, month=10, avg_monthly=6.069208211143695)
Row(year=1993, month=9, avg_monthly=8.835909090909093)
Row(year=1993, month=8, avg_monthly=13.768328445747798)
Row(year=1993, month=7, avg_monthly=15.593401759530792)
