Row(year=2008, month=9, avg_monthly=10.331931464174456)
Row(year=2008, month=8, avg_monthly=14.80557184750733)
Row(year=2008, month=7, avg_monthly=17.120381231671555)
