Row(year=1959, month=12, avg_monthly=0.45290322580645154)
Row(year=1959, month=11, avg_monthly=4.097)
Row(year=1959, month=10, avg_monthly=7.550967741935485)
