Row(year=1974, month=12, avg_monthly=1.4552995391705068)
Row(year=1974, month=11, avg_monthly=3.4286904761904755)
Row(year=1974, month=10, avg_monthly=5.211405529953916)
Row(year=1974, month=9, avg_monthly=12.872023809523807)
