Row(year=2011, month=9, avg_monthly=12.98)
Row(year=2011, month=8, avg_monthly=15.648973607038121)
Row(year=2011, month=7, avg_monthly=17.501026392961876)
Row(year=2011, month=6, avg_monthly=15.582822085889571)
