Row(year=1962, month=8, avg_monthly=14.129377880184329)
Row(year=1962, month=7, avg_monthly=15.258294930875577)
Row(year=1962, month=6, avg_monthly=14.614880952380952)
Row(year=1962, month=5, avg_monthly=8.82569124423963)
