Row(year=2011, month=5, avg_monthly=10.474780058651028)
Row(year=2011, month=4, avg_monthly=8.373484848484848)
Row(year=2011, month=3, avg_monthly=0.11348973607038122)
Row(year=2011, month=2, avg_monthly=-5.128220858895706)
