Row(year=1995, month=5, avg_monthly=9.29941348973607)
Row(year=1995, month=4, avg_monthly=4.155151515151514)
Row(year=1995, month=3, avg_monthly=1.796480938416422)
