Row(year=1999, month=2, avg_prec=0.03749999999999999)
Row(year=1999, month=1, avg_prec=0.08358074673864156)
