Row(year=2004, month=12, avg_prec=0.033113336367774235)
Row(year=2004, month=11, avg_prec=0.07631578947368425)
