Row(year=1999, month=11, avg_prec=0.025918988527276983)
Row(year=1999, month=10, avg_prec=0.025180995475113117)
