Row(year=2014, month=4, avg_prec=0.045907859078590796)
Row(year=2014, month=3, avg_prec=0.051136363636363646)
