Row(year=2015, month=12, avg_prec=0.04152907394113425)
Row(year=2015, month=11, avg_prec=0.09301182893539582)
