Row(year=2013, month=3, avg_prec=0.010341207349081363)
Row(year=2013, month=2, avg_prec=0.03952003096574416)
