Row(year=2002, month=12, avg_prec=0.02868571428571429)
Row(year=2002, month=11, avg_prec=0.07552168815943737)
