Row(year=2002, month=8, avg_prec=0.011106125196320395)
Row(year=2002, month=7, avg_prec=0.10974557019536575)
