Row(year=1995, month=5, avg_prec=0.03576341127922974)
Row(year=1995, month=4, avg_prec=0.08751773049645391)
