Row(year=2006, month=9, avg_prec=0.02688997441265411)
Row(year=2006, month=8, avg_prec=0.20211555959963598)
