Row(year=2010, month=11, avg_prec=0.13056524773203063)
Row(year=2010, month=10, avg_prec=0.07158755394049515)
