Row(year=2001, month=3, avg_prec=0.04121652292328643)
Row(year=2001, month=2, avg_prec=0.05606099110546382)
