Row(year=1996, month=9, avg_prec=0.08095797135477813)
Row(year=1996, month=8, avg_prec=0.05266464975564348)
