Row(year=2012, month=3, avg_prec=0.011825726141078836)
Row(year=2012, month=2, avg_prec=0.04200244200244201)
