Row(year=2000, month=11, avg_prec=0.15093066542577938)
Row(year=2000, month=10, avg_prec=0.15023836549375705)
