Row(year=2009, month=6, avg_prec=0.06945801349150967)
Row(year=2009, month=5, avg_prec=0.07300089847259661)
