Row(year=2001, month=7, avg_prec=0.05454750620627399)
Row(year=2001, month=6, avg_prec=0.03742717315311117)
