Row(year=2011, month=7, avg_prec=0.1289336653837446)
Row(year=2011, month=6, avg_prec=0.12954545454545455)
