Row(year=1996, month=1, avg_prec=0.015458817709621563)
Row(year=1995, month=12, avg_prec=0.01135775064742878)
