Row(year=1997, month=10, avg_prec=0.07897238569488459)
Row(year=1997, month=9, avg_prec=0.0609040074557316)
