Row(year=2011, month=3, avg_prec=0.03204955561540534)
Row(year=2011, month=2, avg_prec=0.04075921307841509)
