Row(year=2005, month=5, avg_prec=0.07702828001854428)
Row(year=2005, month=4, avg_prec=0.018394736842105266)
