Row(year=2012, month=7, avg_prec=0.07989179440937783)
Row(year=2012, month=6, avg_prec=0.18597889800703396)
