Row(year=2014, month=8, avg_prec=0.12998747539810337)
Row(year=2014, month=7, avg_prec=0.03264690218356116)
