Row(year=2002, month=3, avg_prec=0.03647032272624691)
Row(year=2002, month=2, avg_prec=0.07521074815595367)
