Row(year=2004, month=8, avg_prec=0.1019585772174696)
Row(year=2004, month=7, avg_prec=0.12917694550347605)
