Row(year=1994, month=5, avg_prec=0.03495821727019499)
Row(year=1994, month=4, avg_prec=0.032719546742209636)
