Row(year=2000, month=7, avg_prec=0.18489453390791555)
Row(year=2000, month=6, avg_prec=0.08832186090671731)
