Row(year=2003, month=12, avg_prec=0.07225046210720888)
Row(year=2003, month=11, avg_prec=0.07754569190600524)
