Row(year=2003, month=8, avg_prec=0.07884478250534824)
Row(year=2003, month=7, avg_prec=0.15532740132329453)
