Row(year=2007, month=5, avg_prec=0.05460467205750226)
Row(year=2007, month=4, avg_prec=0.029713353530645532)
