Row(year=1994, month=9, avg_prec=0.13611510791366893)
Row(year=1994, month=8, avg_prec=0.08155339805825246)
