Row(year=2000, month=3, avg_prec=0.02926884139482565)
Row(year=2000, month=2, avg_prec=0.03516938825249818)
