Row(year=2006, month=1, avg_prec=0.02976157082748948)
Row(year=2005, month=12, avg_prec=0.0764970733903648)
