Row(year=2004, month=4, avg_prec=0.028874883286648)
Row(year=2004, month=3, avg_prec=0.03917029566811827)
