Row(year=2010, month=2, avg_prec=0.07920420420420429)
Row(year=2010, month=1, avg_prec=0.048571428571428585)
