Row(year=2011, month=11, avg_prec=0.018764514630747794)
Row(year=2011, month=10, avg_prec=0.061518631356925244)
