Row(year=1996, month=5, avg_prec=0.08685897435897438)
Row(year=1996, month=4, avg_prec=0.011674273360557291)
