Row(year=1998, month=6, avg_prec=0.12801248199711954)
Row(year=1998, month=5, avg_prec=0.05212862318840582)
