Row(year=2001, month=11, avg_prec=0.04060015388561171)
Row(year=2001, month=10, avg_prec=0.08317671327068533)
