Row(year=1999, month=6, avg_prec=0.07032890132960114)
Row(year=1999, month=5, avg_prec=0.03712155445097154)
