Row(year=1998, month=2, avg_prec=0.07529470780035115)
Row(year=1998, month=1, avg_prec=0.0598065677013046)
