Row(year=2012, month=11, avg_prec=0.09644111449309296)
Row(year=2012, month=10, avg_prec=0.08854635463546355)
