Row(year=2008, month=6, avg_prec=0.060243217960710964)
Row(year=2008, month=5, avg_prec=0.03128239801667794)
