Row(year=2005, month=9, avg_prec=0.019451545433418545)
Row(year=2005, month=8, avg_prec=0.10349619004930526)
