Row(year=2015, month=8, avg_prec=0.03825301204819278)
Row(year=2015, month=7, avg_prec=0.16872675757039132)
