Row(year=1997, month=2, avg_prec=0.05394569906115203)
Row(year=1997, month=1, avg_prec=0.007906128958760536)
