Row(year=2010, month=6, avg_prec=0.06824877250409167)
Row(year=2010, month=5, avg_prec=0.09173685408604601)
