Row(year=1997, month=6, avg_prec=0.12188229799159271)
Row(year=1997, month=5, avg_prec=0.08432732316227462)
