Row(year=2008, month=2, avg_prec=0.041021297192642796)
Row(year=2008, month=1, avg_prec=0.06058836739276896)
