Row(year=2007, month=1, avg_prec=0.09506001846722072)
Row(year=2006, month=12, avg_prec=0.040080880700966076)
