Row(year=2009, month=2, avg_prec=0.03708229426433918)
Row(year=2009, month=1, avg_prec=0.021449471078100378)
