Row(year=2014, month=12, avg_prec=0.050399715757683435)
Row(year=2014, month=11, avg_prec=0.07664473684210535)
