Row(year=2007, month=9, avg_prec=0.08666822320803177)
Row(year=2007, month=8, avg_prec=0.0729845048282057)
