Row(year=1995, month=9, avg_prec=0.18910751932536896)
Row(year=1995, month=8, avg_prec=0.022077028885832184)
