Row(year=2009, month=10, avg_prec=0.07730673316708236)
Row(year=2009, month=9, avg_prec=0.04189787829330847)
