Row(year=2013, month=12, avg_prec=0.05905676855895199)
Row(year=2013, month=11, avg_prec=0.067295483402866)
