Row(year=2006, month=5, avg_prec=0.07038780542479267)
Row(year=2006, month=4, avg_prec=0.0619501978124273)
