Row(year=2015, month=4, avg_prec=0.022284780239738466)
Row(year=2015, month=3, avg_prec=0.05980701754385966)
