Row(year=2008, month=10, avg_prec=0.08107985480943741)
Row(year=2008, month=9, avg_prec=0.06618537494177926)
