Row(year=2013, month=8, avg_prec=0.07700249199003205)
Row(year=2013, month=7, avg_prec=0.07653866386112573)
