Row(year=2003, month=4, avg_prec=0.07482415716711133)
Row(year=2003, month=3, avg_prec=0.009536973047684865)
