Row(year=1998, month=10, avg_prec=0.0722172149616945)
Row(year=1998, month=9, avg_prec=0.0795613625758283)
