Row(year=1997, month=10, avg_prec=0.07892214433789742)
Row(year=1997, month=9, avg_prec=0.061040099879666604)
