Row(year=2000, month=3, avg_prec=0.02927508387924861)
Row(year=2000, month=2, avg_prec=0.035167469540292665)
