Row(year=2007, month=1, avg_prec=0.09510943506752784)
Row(year=2006, month=12, avg_prec=0.04005339570186665)
