Row(year=2002, month=3, avg_prec=0.03650203298783488)
Row(year=2002, month=2, avg_prec=0.07568695929840685)
