Row(year=2011, month=7, avg_prec=0.12922760277020817)
Row(year=2011, month=6, avg_prec=0.1263854860919609)
