Row(year=2015, month=8, avg_prec=0.0390185372371654)
Row(year=2015, month=7, avg_prec=0.17134528199359936)
