Row(year=2010, month=2, avg_prec=0.07923585405412358)
Row(year=2010, month=1, avg_prec=0.048524444764144616)
