Row(year=2012, month=7, avg_prec=0.0798900662164079)
Row(year=2012, month=6, avg_prec=0.1857192338360861)
