Row(year=2011, month=11, avg_prec=0.018742442819705638)
Row(year=2011, month=10, avg_prec=0.061338150731188146)
