Row(year=2007, month=9, avg_prec=0.08666234893534669)
Row(year=2007, month=8, avg_prec=0.07306609811707195)
