Row(year=2012, month=3, avg_prec=0.011801394908436466)
Row(year=2012, month=2, avg_prec=0.042101565830626055)
