Row(year=2004, month=8, avg_prec=0.10184080607702023)
Row(year=2004, month=7, avg_prec=0.1291885224632725)
