Row(year=2014, month=12, avg_prec=0.05038698562540295)
Row(year=2014, month=11, avg_prec=0.07694564874139155)
