Row(year=2013, month=12, avg_prec=0.059171294352562104)
Row(year=2013, month=11, avg_prec=0.06754860453691777)
