Row(year=2009, month=10, avg_prec=0.07726388677122246)
Row(year=2009, month=9, avg_prec=0.04184600847759103)
