Row(year=1996, month=9, avg_prec=0.08124980414625992)
Row(year=1996, month=8, avg_prec=0.0527292748894283)
