Row(year=2003, month=4, avg_prec=0.07460623943861096)
Row(year=2003, month=3, avg_prec=0.00955113496308162)
