Row(year=2015, month=4, avg_prec=0.02260359770063791)
Row(year=2015, month=3, avg_prec=0.059926635304659505)
