Row(year=2003, month=12, avg_prec=0.0725584940662805)
Row(year=2003, month=11, avg_prec=0.07762584993101618)
