Row(year=2000, month=11, avg_prec=0.15097311981928532)
Row(year=2000, month=10, avg_prec=0.15022795406550388)
