Row(year=2014, month=4, avg_prec=0.04697284872034527)
Row(year=2014, month=3, avg_prec=0.05126066732943694)
