Row(year=2003, month=8, avg_prec=0.07852306950663922)
Row(year=2003, month=7, avg_prec=0.15586678555530234)
