Row(year=2007, month=5, avg_prec=0.05459398864382473)
Row(year=2007, month=4, avg_prec=0.0296958762130583)
