Row(year=2004, month=4, avg_prec=0.02890642666832557)
Row(year=2004, month=3, avg_prec=0.0391972727092903)
