Row(year=1997, month=6, avg_prec=0.12194376831725658)
Row(year=1997, month=5, avg_prec=0.08433563778158909)
