Row(year=2012, month=11, avg_prec=0.09658916819793266)
Row(year=2012, month=10, avg_prec=0.08861518053190666)
