Row(year=2001, month=7, avg_prec=0.05456758338170303)
Row(year=2001, month=6, avg_prec=0.037444983591449134)
