Row(year=2008, month=6, avg_prec=0.0603368459360269)
Row(year=2008, month=5, avg_prec=0.031275411041977445)
