Row(year=1998, month=10, avg_prec=0.07220779432419662)
Row(year=1998, month=9, avg_prec=0.07961451766662504)
