Row(year=2001, month=3, avg_prec=0.04116001796086927)
Row(year=2001, month=2, avg_prec=0.05663028433433562)
