Row(year=2001, month=11, avg_prec=0.03890034319787198)
Row(year=2001, month=10, avg_prec=0.0831841490530857)
