Row(year=1996, month=1, avg_prec=0.015688285143857908)
Row(year=1995, month=12, avg_prec=0.01123052717421392)
