Row(year=1998, month=2, avg_prec=0.07528711901725631)
Row(year=1998, month=1, avg_prec=0.059799531599432354)
