Row(year=2009, month=6, avg_prec=0.06949527132493684)
Row(year=2009, month=5, avg_prec=0.07298451219007633)
