Row(year=2014, month=8, avg_prec=0.131153960104374)
Row(year=2014, month=7, avg_prec=0.032279213881216774)
