Row(year=1999, month=11, avg_prec=0.025908973651872533)
Row(year=1999, month=10, avg_prec=0.025180746280443256)
