Row(year=2004, month=12, avg_prec=0.03300534217411089)
Row(year=2004, month=11, avg_prec=0.07622589275002414)
