Row(year=2006, month=5, avg_prec=0.07038485240982746)
Row(year=2006, month=4, avg_prec=0.061990259217922616)
