Row(year=2002, month=8, avg_prec=0.011105240723471008)
Row(year=2002, month=7, avg_prec=0.11004401148810194)
