Row(year=2006, month=9, avg_prec=0.02687954488166873)
Row(year=2006, month=8, avg_prec=0.20219532199649726)
