Row(year=1997, month=2, avg_prec=0.05393355663665833)
Row(year=1997, month=1, avg_prec=0.007903351450743385)
