Row(year=2005, month=5, avg_prec=0.07543645539770617)
Row(year=2005, month=4, avg_prec=0.01752885118400063)
