Row(year=2009, month=2, avg_prec=0.03707531646170746)
Row(year=2009, month=1, avg_prec=0.021439289080101717)
