Row(year=2011, month=3, avg_prec=0.03226899821662612)
Row(year=2011, month=2, avg_prec=0.046118423698341744)
