Row(year=2005, month=9, avg_prec=0.01944834765973989)
Row(year=2005, month=8, avg_prec=0.1035063821473538)
