Row(year=1995, month=9, avg_prec=0.18913758908958742)
Row(year=1995, month=8, avg_prec=0.022189676052073868)
