Row(year=2013, month=3, avg_prec=0.010594936545812577)
Row(year=2013, month=2, avg_prec=0.03921678086194569)
