Row(year=2008, month=10, avg_prec=0.08113792764857454)
Row(year=2008, month=9, avg_prec=0.06621619884001038)
