Row(year=2010, month=11, avg_prec=0.13055175753959244)
Row(year=2010, month=10, avg_prec=0.0715633126024754)
