Row(year=1999, month=2, avg_prec=0.037483266398929044)
Row(year=1999, month=1, avg_prec=0.08356557324935403)
