Row(year=1998, month=6, avg_prec=0.12793033829732722)
Row(year=1998, month=5, avg_prec=0.052131029195113476)
