Row(year=2000, month=7, avg_prec=0.1855857467039799)
Row(year=2000, month=6, avg_prec=0.08809173904593258)
