Row(year=1995, month=1, avg_prec=0.03714285714285716)
Row(year=1994, month=12, avg_prec=0.07020689655172416)
