Row(year=1999, month=6, avg_prec=0.07022863277428758)
Row(year=1999, month=5, avg_prec=0.0371253269370952)
