Row(year=2015, month=12, avg_prec=0.04228563564489989)
Row(year=2015, month=11, avg_prec=0.09376692024980353)
