Row(year=2006, month=1, avg_prec=0.0297560805256801)
Row(year=2005, month=12, avg_prec=0.07648446100059011)
