Row(year=2010, month=6, avg_prec=0.06830486905048617)
Row(year=2010, month=5, avg_prec=0.0918463637479328)
