Row(year=2013, month=8, avg_prec=0.07734271250581423)
Row(year=2013, month=7, avg_prec=0.07753136945259644)
