Row(year=1996, month=5, avg_prec=0.08709781447451463)
Row(year=1996, month=4, avg_prec=0.011691975793886854)
