Row(year=2002, month=12, avg_prec=0.02863752371049794)
Row(year=2002, month=11, avg_prec=0.07552012533506337)
