Row(year=2008, month=2, avg_prec=0.04102400916622482)
Row(year=2008, month=1, avg_prec=0.06059471818077985)
